{"name":"New Gaussian","kernel":[[2.2103349966301478e-12,1.9896800873553389e-10,6.588915635319381e-9,8.026942310834784e-8,3.597426143642224e-7,5.931152600169298e-7,3.597426143642224e-7,8.026942310834784e-8,6.588915635319381e-9,1.9896800873553389e-10,2.2103349966301478e-12],[1.9896800873553389e-10,1.7910529948039767e-8,5.931152600169298e-7,0.000007225623448903207,0.00003238299541408196,0.000053390533139463514,0.00003238299541408196,0.000007225623448903207,5.931152600169298e-7,1.7910529948039767e-8,1.9896800873553389e-10],[6.588915635319381e-9,5.931152600169298e-7,0.000019641280232463032,0.00023927977599669248,0.0010723775485530496,0.0017680516466498376,0.0010723775485530496,0.00023927977599669248,0.000019641280232463032,5.931152600169298e-7,6.588915635319381e-9],[8.026942310834784e-8,0.000007225623448903207,0.00023927977599669248,0.0029150245245546104,0.013064233586192131,0.02153927832841873,0.013064233586192131,0.0029150245245546104,0.00023927977599669248,0.000007225623448903207,8.026942310834784e-8],[3.597426143642224e-7,0.00003238299541408196,0.0010723775485530496,0.013064233586192131,0.05854983255267143,0.09653235226869583,0.05854983255267143,0.013064233586192131,0.0010723775485530496,0.00003238299541408196,3.597426143642224e-7],[5.931152600169298e-7,0.000053390533139463514,0.0017680516466498376,0.02153927832841873,0.09653235226869583,0.15915493667125703,0.09653235226869583,0.02153927832841873,0.0017680516466498376,0.000053390533139463514,5.931152600169298e-7],[3.597426143642224e-7,0.00003238299541408196,0.0010723775485530496,0.013064233586192131,0.05854983255267143,0.09653235226869583,0.05854983255267143,0.013064233586192131,0.0010723775485530496,0.00003238299541408196,3.597426143642224e-7],[8.026942310834784e-8,0.000007225623448903207,0.00023927977599669248,0.0029150245245546104,0.013064233586192131,0.02153927832841873,0.013064233586192131,0.0029150245245546104,0.00023927977599669248,0.000007225623448903207,8.026942310834784e-8],[6.588915635319381e-9,5.931152600169298e-7,0.000019641280232463032,0.00023927977599669248,0.0010723775485530496,0.0017680516466498376,0.0010723775485530496,0.00023927977599669248,0.000019641280232463032,5.931152600169298e-7,6.588915635319381e-9],[1.9896800873553389e-10,1.7910529948039767e-8,5.931152600169298e-7,0.000007225623448903207,0.00003238299541408196,0.000053390533139463514,0.00003238299541408196,0.000007225623448903207,5.931152600169298e-7,1.7910529948039767e-8,1.9896800873553389e-10],[2.2103349966301478e-12,1.9896800873553389e-10,6.588915635319381e-9,8.026942310834784e-8,3.597426143642224e-7,5.931152600169298e-7,3.597426143642224e-7,8.026942310834784e-8,6.588915635319381e-9,1.9896800873553389e-10,2.2103349966301478e-12]]}